0000011111
3
0 5
4 2
5 9
01010101010101010101010101111111111111111111111111111111111110000000000000000
5
4 4
25 60
1 3
62 76
24 62
1
1
0 0
01
1
0 1 
00001111111111
5
0 3
0 4
4 5
2 4
9 11 
0101010101010101010101010101010101010101010101010101010101010101010101010101010101010101010101010101010101010101010101010101010101010101010101010101010101010101010101010101010101010101010101010101010101010101010101010101010101010101010101010101010101010101010101010101010101010101010101010101010101010101010101010101010101010101010101010101010101010101010101010101010101010101010101010101010101010101010101010101010101010101010101010101010101010101010000000000000000000000000000000000000000000000000000000000000000000000000000000000000000000000000000000000000000000000000000000000000000000000000000000000000000000000000000
1
500 501
10000
4
0 1
0 2
0 3
0 4
