0
1
1
2
3
5
8
13
21
34
55
89
144
233
377
610
987
590
570
153
723
876
592
461
46
507
553
53
606
659
258
917
168
78
246
324
570
894
457
344
801
138
939
70
2
72
74
146
220
366
586
952
531
476
0
476
476
952
421
366
787
146
933
72
1005
70
68
138
206
344
550
894
437
324
761
78
839
917
749
659
401
53
454
507
961
461
415
876
284
153
437
590
20
610
630
233
863
89
952
34
986
13
999
5
1004
2
1006
1
0
1
1
2
3
5
8
13
21
34
55
89
144
233
377
610
987
590
570
153
723
876
592
461
46
507
553
53
606
659
258
917
168
78
246
324
570
894
457
344
801
138
939
70
2
72
74
146
220
366
586
952
531
476
0
476
476
952
421
366
787
146
933
72
1005
70
68
138
206
344
550
894
437
324
761
78
839
917
749
659
401
53
454
507
961
461
415
876
284
153
437
590