256
961
872
558
96
911
410
717
376
848
586
697
201
279
612
22
879
923
440
32
945
636
243
825
975
871
759
162
875
361
884
833
298
732
367
394
620
777
87
996
602
674
669
803
953
258
825
809
157
241
841
78
877
60
904
828
932
639
991
783
1000
851
592
275
560
960
669
156
713
757
128
291
407
797
70
336
31
896
121
188
113
962
267
991
1023
147
795
931
786
762
690
762
590
258
13
126
194
683
282
908
416
410
175
823
183
246
135
215
118
257
403
231
195
670
198
194
817
994
101
579
732
791
318
298
26
331
424
220
1014
706
104
406
92
280
205
276
526
341
491
644
598
894
875
793
541
50
988
334
20
65
914
1783252030
727643505
1933525085
1222969799
165605030
1115143081
368252611
1992165325
2135671323
1778918037
824503359
861782572
1089111891
793564134
15586920
1001997937
905380507
933948764
218216880
395656628
44600074
1275482098
1714613491
917690408
787628811
181730128
1146632098
687191581
19546011
359048215
776008336
69404829
1849331460
41505418
1844923089
1957648860
970741139
1622762161
847966344
1089612665
1102303225
426253718
622779350
634680857
1676623375
1381300837
160294006
1117476802
444321856
538104815
973791003
798114475
790269004
1931974342
2010348638
1936528963
699000822
31563513
87415716
1447471017
632216303
1215027057
1283912380
1203406683
1327837561
390622937
1139882297
687383172
1941123604
2138922488
1860963648
726734904
1183545891
1401556105
264928406
2017770077
1813644368
437627793
1131781855
661337420
1568740940
755424868
1248186043
317997891
1170627959
738775175
1587273422
1988122700
1304622696
1992704248
1521533446
639426432
1506194527
1491354343
1864002192
351373016
1356416783
1084155617
877987381
151747228
1401103412
619209965
1328962036
1174631872
7
3
