256
284 8
391 5
536 8
787 12
507 8
537 13
136 5
391 8
589 12
120 12
645 13
230 2
834 16
828 4
402 6
319 11
537 10
658 14
25 3
84 16
321 2
124 7
123 9
707 8
747 8
940 5
190 13
702 2
1001 12
551 12
104 11
42 12
556 10
690 10
98 9
91 11
373 4
877 11
730 3
185 12
363 2
822 12
247 11
554 16
1007 5
604 5
951 8
729 16
323 15
42 10
146 16
841 5
348 9
1016 12
231 13
507 3
278 13
124 2
806 14
749 11
760 11
876 7
977 5
148 9
977 12
698 15
323 11
619 13
185 7
725 5
788 6
1011 6
514 8
567 7
790 6
61 12
622 14
191 7
495 12
852 10
529 15
547 10
17 8
499 3
753 4
619 13
408 16
559 2
717 13
194 2
395 14
1011 7
169 4
569 10
517 3
88 13
923 8
874 7
778 9
118 16
549 12
1 10
319 11
856 9
663 15
497 15
282 12
27 5
662 9
91 4
993 6
177 8
814 11
808 8
376 4
52 5
640 16
858 2
613 6
973 8
717 8
286 6
930 10
426 8
910 12
723 9
696 16
748 10
927 10
31 11
436 5
180 3
136 9
1012 4
705 9
1002 7
383 15
373 9
578 3
857 15
292 8
321 4
432 4
450 7
578 3
614 8
564 5
43 15
809 9
426 16
993 4
888 8
668 8
642 7
619788 998
578864 800
117896 882
270924 22
944926 142
916552 360
613808 511
304471 936
136137 364
518305 644
424354 730
340764 523
562975 584
2467 695
204481 137
69530 278
342401 419
793853 279
681595 202
862017 841
174423 231
544315 359
885560 330
74156 168
346133 714
468659 473
35480 962
617210 343
390051 164
864434 903
64067 734
967857 151
615063 975
899469 169
342839 445
955885 235
572760 925
338198 132
381690 324
996369 665
37519 826
531014 197
307155 848
704158 50
800606 11
324442 308
535261 850
820197 331
570361 603
963336 436
513856 224
463166 438
452125 698
61288 838
246422 583
594343 774
555389 356
905996 195
306286 943
592454 930
695099 913
4269 132
209195 131
897037 23
60484 395
725460 215
812298 843
693661 202
22695 218
614591 279
845311 259
585763 208
850643 739
812301 253
618266 81
780173 71
838004 855
60078 909
641612 380
859460 154
333841 823
309141 827
773547 18
926915 924
790455 784
581713 471
783144 971
585523 809
175588 514
307069 828
802579 960
623572 741
420741 816
204135 236
640766 17
280802 406
648515 474
153450 504
625449 977
251010 161
1000000 1000
999999 3
