1 1
1
1 20
1
3 9
1
4
3
3 8
1
4
3
1 1
31415926535897932384
5 11
99999999999999999999
99999999999999999999
99999999999999999999
99999999999999999999
99999999999999999999
2 20
31415926535897932384
31415926535897932384
2 9
20000000000
1000
3 1
100000000000000000000
200000000000000000000
400000000000000000000
11 2
100000000000000000000
100000000000000000000
100000000000000000000
100000000000000000000
100000000000000000000
100000000000000000000
100000000000000000000
100000000000000000000
100000000000000000000
100000000000000000000
100000000000000000000
5 20
100000000000000000000
99999999999999999999
99999999999999999998
99999999999999999997
99999999999999999996
4 17
3515135187212
503540533457899
2132105
102
21 7
1
10
100
1000
10000
100000
1000000
10000000
100000000
1000000000
10000000000
100000000000
1000000000000
10000000000000
100000000000000
1000000000000000
10000000000000000
100000000000000000
1000000000000000000
10000000000000000000
100000000000000000000
0 0